000000000000000000000000000000000000000000000000000000000000000000000000000000000000000000000000000000000000000000000000000000000000000000000000000000
000000000000000000000000000000000000000000000000000000000000000000000000000000000000000000000000000000000000000000000000000000000000000000000000000000
000000000000000000000000000000000000000000000000000000000000000000000000000000000000000000000000000000000000000000000000000000000000000000000000000000
000000000000000000000000000000000000000000000000000000000000000000000000000000000000000000000000000000000000000000000000000000000000000000000000000000
000000000000000000000000000000000000000000000000000000000000000000000000000000000000000000000000000000000000000000000000000000000000000000000000000000
000000000000000000000000000000000000000000000000000000000000000000000000000000000000000000000000000000000000000000000000000000000000000000000000000000
000000000000000000000000000000000000000000000000000000000000000000000000000000000000000000000000000000000000000000000000000000000000000000000000000000
000000000000000000000000000000000000000000000000000000000000000000000000000000000000000000000000000000000000000000000000000000000000000000000000000000
000000000000000000000000000000000000000000000000000000000000000000000000000000000000000000000000000000000000000000000000000000000000000000000000000000
0000000000000000000000000000000000000000000               000000000000000000000000000000000               00000000000000000000000007              2000
0000000000000000000000000000000000000000000               000000000000000000000000000000000               0000000000000000000000000                000
0000000000000000000000000000000000000000000               000000000000000000000000000000000               00000000000000000000000002               000
0000000000000000000000000000000000000000000                000   0000   00      000    009                    84    70       0                     000
0000000000000000000000000000000000000000000                4    9      5       0      0                     005   000     000                      000
0000000000000000000000000000000000000000000               000000000000000000000000000000000               0000000000000000000000000                000
0000000000000000000000000000000000000000                  000000000000000000000000000000000               0000000000000000000000000                000
00000000000000000000000000000000000000                   70000000000000000000000000000000009              00000000000000000000000006              0000
0000000000000000000000000000000      400000000000000000000000000000000000000000000000000000000000  00000000000000000000000000000000000000   0000000000
0000000000000000000000000001 8    000000000000000000000000000000000000000000000000000000000000000  000000000000000000000000000000000000000  0000000000
00000000000000000000005       000000000000000000000000000000000000000000000000000000000000000000000000000000000000000000000000000000000001100000000000
0008000000000000000   4  000000000000000000000000000000000000000000000000000000000000000000000000   0000000000000000000000000000000000000   0000000000
005                   000000000000000000000000000000000000000000000000000000000000000000000000000   0000000000000000000000000000000000000   0000000000
000               0000000000000000000000000000000000000000000000000000000000000000000000000000000   00000000000000000000000000000000000000  0000000000
000               0000000000000000000000000000000000000000000000000000000000000000000000000000000  000000000000000000000000000000000000000000000000000
000               00000000000000000000000000000000000000000000000000000000000000000000000000000000 20000000000000000000000000000000000000   0000000000
000               0000000000000000000000000000000000000000000000000000000000000000000000000000000   0000000000000000000000000000000000000   0000000000
000               0000000000000000000000000000000000000000000000000000000000000000000000000000000  40000000000000000000000000000000000000   0000000000
009                   00000000000000000000000000000000000000000000000000000000000000000000000000000000000000000000000000000000000000000000  0000000000
0000000000000000000   000000000000000000000000000000000000000000000000000000000000000000000000000   00000000000000000000000000000000000002000000000000
0000000000000000000000      000000000000000000000000000000000000000000000000000000000000000000000   0000000000000000000000000000000000000   0000000000
00000000000000000000000000     200000000000000000000000000000000000000000000000000000000000000000  000000000000000000000000000000000000004  0000000000
0000000000000000000000000000000    000000000000000000000000000000000000000000000000000000000000000  00000000000000000000000000000000000000050000000000
000000000000000000000000000000005     00000000000000000000000000000000000000000000000000000000000   0000000000000000000000000000000000000   0000000000
000000000000000000000000000000000000     000             50000000000000000000000000000000000              00000000000000000000000000              0000
0000000000000000000000000000000000000000                  000000000000000000000000000000000               0000000000000000000000000                000
0000000000000000000000000000000000000000000               000000000000000000000000000000000               0000000000000000000000000                000
0000000000000000000000000000000000000000000               000   190006  50000  12446000  40               7 001  240007 800004000003               000
0000000000000000000000000000000000000000000                  0       6      8         0                       1             4                      000
0000000000000000000000000000000000000000000               000000000000000000000000000000000               00000000000000000000000000               000
0000000000000000000000000000000000000000000               000000000000000000000000000000000               0000000000000000000000000                000
0000000000000000000000000000000000000000000               000000000000000000000000000000000               0000000000000000000000000               7000
000000000000000000000000000000000000000000000000000000000000000000000000000000000000000000000000000000000000000000000000000000000000000000000000000000
0000000000000000000000000000000000000000000000000000000000000000000000000000000000000000000000000   60000000000000000000000000000000000000000000000000
00000000000000000000000000000000000000000000000000000000000000000000000000000000000000000000000        00000000000000000000000000000000000000000000000
0000000000000000000000000000000000000000000000000000000000000000000000000000000000000000000000   4  0  00000000000000000000000000000000000000000000000
00000000000000000000000000000000000000000000000000000000000000000000000000000000000000000000000000  00000000000000000000000000000000000000000000000000
00000000000000000000000000000000000000000000000000000000000000000000000000000000000000000000000000  00000000000000000000000000000000000000000000000000
00000000000000000000000000000000000000000000000000000000000000000000000000000000000000000000000000  00000000000000000000000000000000000000000000000000
000000000000000000000000000000000000000000000000000000000000000000000000000000000000000000000000000000000000000000000000000000000000000000000000000000
000000000000000000000000000000000000000000000000000000000000000000000000000000000000000000000000000000000000000000000000000000000000000000000000000000
000000000000000000000000000000000000000000000000000000000000000000000000000000000000000000000000000000000000000000000000000000000000000000000000000000
000000000000000000000000000000000000000000000000000000000000000000000000000000000000000000000000000000000000000000000000000000000000000000000000000000
000000000000000000000000000000000000000000000000000000000000000000000000000000000000000000000000000000000000000000000000000000000000000000000000000000
