000000000000000000000000000000000000000000000000000000000000000000000000000000000000000000000000000000000000000000000000000000000000000000000000000000
000000000000000000000000000000000000000000000000000000000000000000000000000000000000000000000000000000000000000000000000000000000000000000000000000000
0000000000000000000000000000000000000000000               0000000000000000000000000000000005              00000000000000000000000009              0000
0000000000000000000000000000000000000000000               000000000000000000000000000000000               0000000000000000000000000                000
0000000000000000000000000000000000000000000               000000000000000000000000000000000               00000000000000000000000007              1000
0000000000000000000000000000000000000000000               5000   0000   007     0007   000                    03     0       0                    1000
0000000000000000000000000000000000000000000                1    3              2      8                     00    000     000                     1000
0000000000000000000000000000000000000000000               000000000000000000000000000000000               0000000000000000000000000               1000
0000000000000000000000000000000000000000                  000000000000000000000000000000000               0000000000000000000000000                000
00000000000000000000000000000000000000                   50000000000000000000000000000000000    6         00000000000000000000000000        3     0000
00000000000000000000000000000004      00000000000000000000000000000000000000000000000000000000000  80000000000000000000000000000000000000   0000000000
0000000000000000000000000000 0    000000000000000000000000000000000000000000000000000000000000000  000000000000000000000000000000000000000  0000000000
00000000000000000000000       00000000000000000000000000000000000000000000000000000000000000000000000000000000000000000000000000000000000 000000000000
0000000000000000000   2  000000000000000000000000000000000000000000000000000000000000000000000000   0000000000000000000000000000000000000   0000000000
004                   000000000000000000000000000000000000000000000000000000000000000000000000000   0000000000000000000000000000000000000   0000000000
000               0000000000000000000000000000000000000000000000000000000000000000000000000000000   00000000000000000000000000000000000002  0000000000
000               0000000000000000000000000000000000000000000000000000000000000000000000000000000  000000000000000000000000000000000000000000000000000
000               00000000000000000000000000000000000000000000000000000000000000000000000000000000 70000000000000000000000000000000000000   0000000000
000               0000000000000000000000000000000000000000000000000000000000000000000000000000000   0000000000000000000000000000000000000   0000000000
000               0000000000000000000000000000000000000000000000000000000000000000000000000000000  40000000000000000000000000000000000000   0000000000
005                   00000000000000000000000000000000000000000000000000000000000000000000000000000000000000000000000000000000000000000000  0000000000
00000000000000000000  000000000000000000000000000000000000000000000000000000000000000000000000000   0000000000000000000000000000000000000 000000000000
0000000000 000000000000     000000000000000000000000000000000000000000000000000000000000000000000   0000000000000000000000000000000000000   0000000000
00000000     00000000000002     00000000000000000000000000000000000000000000000000000000000000000  00000000000000000000000000000000000000   0000000000
000000         0000000000000000    000000000000000000000000000000000000000000000000000000000000000  00000000000000000000000000000000000000090000000000
000000         000000000000000000     00000000000000000000000000000000000000000000000000000000000   0000000000000000000000000000000000000   0000000000
000000000   0000000000000000000000000   700000000000000000000000000000000000000000000000000000000   0000000000000000000000000000000000000   0000000000
000000000   0000000000000000000000000000                  000000000000000000000000000000000               0000000000000000000000000                000
000000000   0000000000000000000000000000000               000000000000000000000000000000000               0000000000000000000000000               1000
0000000000000000000000000000000000000000000               0007  590000  50000  76886000 180               02001  560007 40006 90000               1000
0000000000000000000000000000000000000000000                  0       6      8         0                       1             0                     1000
0000000000000000000000000000000000000000000               000000000000000000000000000000000               00000000000000000000000004              1000
0000000000000000000000000000000000000000000               000000000000000000000000000000000               0000000000000000000000000                000
0000000000000000000000000000000000000000000               0000000000000000000000000000000005              00000000000000000000000002              0000
000000000000000000000000000000000000000000000000000000000000000000000000000000000000000000000000000000000000000000000000000000000000000000000000000000
000000000000000000000000000000000000000000000000000000000000000000000000000000000000000000000000000000000000000000000000000000000000000000000000000000
000000000000000000000000000000000000000000000000000000000000000000000000000000000000000000000000000000000000000000000000000000000000000000000000000000
000000000000000000000000000000000000000000000000000000000000000000000000000000000000000000000000000000000000000000000000000000000000000000000000000000
000000000000000000000000000000000000000000000000000000000000000000000000000000000000000000000000000000000000000000000000000000000000000000000000000000